# Copyright 2021, MIT License.
#
# Authors
# ----------------
# Mertcan Davulcu
#
#
# Description
# ----------------
# Mathematical constants.
#

protected const (
	E         = 2.71828182845904523536028747135266249775724709369995957496696763,
	Pi        = 3.14159265358979323846264338327950288419716939937510582097494459,
	Phi       = 1.61803398874989484820458683436563811772030917980576286213544862,

	Sqrt2     = 1.41421356237309504880168872420969807856967187537694807317667974,
	SqrtE     = 1.64872127070012814684865078781416357165377610071014801157507931,
	SqrtPi    = 1.77245385090551602729816748334114518279754945612238712821380779,
	SqrtPhi   = 1.27201964951406896425242246173749149171560804184009624861664038,

	Ln2       = 0.693147180559945309417232121458176568075500134360255254120680009,
	Log2E     = 1 / Ln2,
	Ln10      = 2.30258509299404568401799145468436420760110148862877297603332790,
	Log10E    = 1 / Ln10,

	TRUE          = 1,
	FALSE         = 0,
	INT8_MAX      = 1 << 7 - 1,
	INT16_MAX     = 1 << 15 - 1,
	INT32_MAX     = 1 << 31 - 1,
	INT64_MAX     = 11 << 63 - 1,
	INT8_MIN      = -1 << 7,
	INT16_MIN     = -1 << 15,
	INT32_MIN     = -1 << 31,
	INT64_MIN     = -1 << 63,
	FLOAT32_MAX   = 3.40282346638528859811704183484516925440e+38,
	FLOAT64_MAX   = 1.797693134862315708145274237317043567981e+308
)
